number of constructions
10

concrete mixer truck fleet
2

number of types of concrete
5

fixed cost of using the concrete mixer truck
50

concrete mixer truck capacity
8

demands
0 1.93 0
1 6.17 2
2 1.57 3
3 7.13 2
4 8.12 2
5 1.76 1
6 1.52 4
7 1.60 4
8 0.37 2
9 0.35 2

distances
0	1687.52	819.16	4129.68	2179.15	411.82	869.73	3142.43	3997.97	796.62	
3067.09	0	251.89	1530.35	643.00	519.23	1331.71	2334.19	2359.08	2214.75	
943.08	564.56	0	2224.33	1486.97	3854.19	1116.21	3647.17	1054.95	2783.56	
3495.79	1897.96	687.13	0	519.76	479.05	3097.03	753.51	2853.75	3660.76	
3845.24	2744.39	1192.95	3242.96	0	3567.40	417.47	3894.04	144.88	513.83	
3319.92	3549.01	14.10	4087.78	3859.65	0	1726.79	1571.84	1104.02	3945.40	
2985.02	3995.38	3668.71	2228.30	2936.25	1781.28	0	1380.93	3006.42	486.23	
2830.64	3590.14	3963.50	3657.08	603.04	3429.18	2140.31	0	4363.45	1967.78	
414.59	183.77	2497.27	3842.26	3970.60	2208.96	3825.34	249.44	0	2704.80	
1669.12	2694.83	4141.66	277.79	2729.30	3795.74	2329.00	2844.52	974.92	0	

